arm        cell        rho   beacon    n  GM A/B            95% CI succ A succ B wasted A-B bytes A/B
CEN-F      F1-R2         1      1.0   10   0.937 [0.858, 1.022]   1.00   1.00       -5.2      1.04
CEN-F      F1-R2         1      5.0   10   0.985 [0.911, 1.078]   1.00   1.00       -2.7      1.02
HYB        F1-R2         1      1.0   10   0.908 [0.851, 0.973]   1.00   1.00      -25.6      0.94
HYB        F1-R2         1      5.0   10   0.881 [0.817, 0.955]   1.00   1.00      -11.3      0.88
INF-r      F1-R2         1      1.0   10   0.896 [0.821, 0.976]   1.00   1.00      -38.7      0.92
INF-r      F1-R2         1      5.0   10   0.972 [0.890, 1.064]   1.00   1.00       -9.5      1.00
REP-clamp  F1-R2         1      1.0   10   0.860 [0.768, 0.971]   1.00   1.00      -19.4      0.89
REP-clamp  F1-R2         1      5.0   10   1.036 [0.944, 1.148]   1.00   1.00       -5.6      1.05
SPARC      F1-R2         1      1.0   10   0.905 [0.806, 1.008]   1.00   1.00      -22.1      0.94
SPARC      F1-R2         1      5.0   10   0.884 [0.846, 0.922]   1.00   1.00       -8.6      0.86
SPARC-V3   F1-R2         1      1.0   10   0.958 [0.908, 1.010]   1.00   1.00      -25.1      0.98
SPARC-V3   F1-R2         1      5.0   10   0.958 [0.889, 1.036]   1.00   1.00      -13.2      0.95
CEN-F      F1-R2       0.5      1.0   10   0.805 [0.693, 0.952]   1.00   1.00      -23.0      0.92
CEN-F      F1-R2       0.5      5.0   10   0.850 [0.741, 0.962]   1.00   1.00      -15.0      0.86
HYB        F1-R2       0.5      1.0   10   0.879 [0.801, 0.977]   1.00   1.00      -68.8      0.89
HYB        F1-R2       0.5      5.0   10   0.847 [0.805, 0.883]   1.00   1.00      -36.6      0.81
INF-r      F1-R2       0.5      1.0   10   0.904 [0.809, 1.067]   1.00   1.00      -81.7      0.98
INF-r      F1-R2       0.5      5.0   10   0.935 [0.895, 0.966]   1.00   1.00      -32.9      0.92
REP-clamp  F1-R2       0.5      1.0   10   0.831 [0.725, 0.945]   1.00   1.00      -71.3      0.86
REP-clamp  F1-R2       0.5      5.0   10   0.858 [0.774, 0.952]   1.00   1.00      -39.0      0.84
SPARC      F1-R2       0.5      1.0   10   0.921 [0.812, 1.038]   1.00   1.00      -76.5      0.94
SPARC      F1-R2       0.5      5.0   10   0.862 [0.773, 0.941]   1.00   1.00      -44.3      0.82
SPARC-V3   F1-R2       0.5      1.0   10   0.995 [0.901, 1.095]   1.00   1.00      -68.9      1.00
SPARC-V3   F1-R2       0.5      5.0   10   0.910 [0.832, 0.995]   1.00   1.00      -36.0      0.87
CEN-F      F3-pf0.2      1      1.0   10   0.949 [0.847, 1.067]   0.90   0.90       -4.3      1.09
CEN-F      F3-pf0.2      1      5.0   10   1.023 [0.911, 1.146]   0.90   0.90       -5.1      1.06
HYB        F3-pf0.2      1      1.0   10   1.201 [1.001, 1.395]   0.90   0.90      -23.1      1.29
HYB        F3-pf0.2      1      5.0   10   0.926 [0.791, 1.082]   1.00   0.90      -14.4      0.95
INF-r      F3-pf0.2      1      1.0   10   0.970 [0.893, 1.059]   1.00   1.00      -29.2      1.02
INF-r      F3-pf0.2      1      5.0   10   0.972 [0.880, 1.087]   1.00   1.00      -10.6      0.98
REP-clamp  F3-pf0.2      1      1.0   10   0.995 [0.845, 1.169]   1.00   1.00      -21.8      1.06
REP-clamp  F3-pf0.2      1      5.0   10   0.951 [0.865, 1.042]   1.00   1.00      -14.8      0.95
SPARC      F3-pf0.2      1      1.0   10   1.233 [1.037, 1.435]   0.90   1.00      -20.9      1.34
SPARC      F3-pf0.2      1      5.0   10   1.031 [0.879, 1.180]   0.90   1.00      -12.6      1.03
SPARC-V3   F3-pf0.2      1      1.0   10   1.141 [1.019, 1.284]   0.90   1.00      -22.8      1.21
SPARC-V3   F3-pf0.2      1      5.0   10   1.040 [0.922, 1.173]   1.00   1.00      -15.6      1.03
CEN-F      F3-pf0.2    0.5      1.0   10   1.029 [0.823, 1.288]   0.90   0.80      -15.0      1.26
CEN-F      F3-pf0.2    0.5      5.0   10   1.212 [1.047, 1.443]   0.70   0.80       -9.4      1.29
HYB        F3-pf0.2    0.5      1.0   10   0.979 [0.849, 1.112]   1.00   1.00      -64.5      1.01
HYB        F3-pf0.2    0.5      5.0   10   0.954 [0.773, 1.195]   0.90   1.00      -46.1      0.99
INF-r      F3-pf0.2    0.5      1.0   10   1.009 [0.898, 1.142]   0.90   1.00      -64.4      1.10
INF-r      F3-pf0.2    0.5      5.0   10   0.925 [0.864, 0.994]   1.00   1.00      -25.1      0.92
REP-clamp  F3-pf0.2    0.5      1.0   10   0.992 [0.845, 1.213]   1.00   1.00      -55.2      1.05
REP-clamp  F3-pf0.2    0.5      5.0   10   1.066 [0.912, 1.240]   0.90   1.00      -38.4      1.04
SPARC      F3-pf0.2    0.5      1.0   10   1.007 [0.899, 1.135]   0.90   1.00      -55.5      1.04
SPARC      F3-pf0.2    0.5      5.0   10   1.064 [0.963, 1.173]   0.90   1.00      -37.2      1.02
SPARC-V3   F3-pf0.2    0.5      1.0   10   1.081 [0.992, 1.186]   1.00   0.90      -47.9      1.15
SPARC-V3   F3-pf0.2    0.5      5.0   10   1.188 [1.077, 1.309]   1.00   0.90      -33.7      1.19
