arm        cell        rho     loss    n  GM A/B            95% CI succ A succ B wasted A-B bytes A/B
CEN-F      F1-R2       100       ge    8   1.036 [1.002, 1.073]   1.00   1.00        1.6 4288300.12
CEN-F      F1-R2       100     none    8   1.022 [0.974, 1.083]   1.00   1.00        1.1 4254341.38
HYB        F1-R2       100       ge    8   1.036 [1.002, 1.072]   1.00   1.00        1.6 4288300.12
HYB        F1-R2       100     none    8   1.022 [0.974, 1.083]   1.00   1.00        1.1 4254341.38
INF-r      F1-R2       100       ge    8   1.036 [1.002, 1.072]   1.00   1.00        1.6 4288300.12
INF-r      F1-R2       100     none    8   1.022 [0.974, 1.083]   1.00   1.00        1.1 4254341.38
REP-clamp  F1-R2       100       ge    8   1.036 [1.002, 1.072]   1.00   1.00        1.6 4288300.12
REP-clamp  F1-R2       100     none    8   1.022 [0.973, 1.083]   1.00   1.00        1.1 4254341.38
SPARC      F1-R2       100       ge    8   1.036 [1.002, 1.073]   1.00   1.00        1.6 4288300.12
SPARC      F1-R2       100     none    8   1.022 [0.974, 1.083]   1.00   1.00        1.1 4254341.38
CEN-F      F3-pf0.2    100       ge    8   1.586 [1.408, 1.827]   0.88   1.00        0.9 7057191.50
CEN-F      F3-pf0.2    100     none    8   1.479 [1.324, 1.725]   0.88   1.00        0.4 6652648.25
HYB        F3-pf0.2    100       ge    8   1.586 [1.408, 1.826]   0.88   1.00        0.9 7057191.50
HYB        F3-pf0.2    100     none    8   1.479 [1.324, 1.725]   0.88   1.00        0.4 6652648.25
INF-r      F3-pf0.2    100       ge    8   1.480 [1.316, 1.670]   1.00   1.00        0.2 6477810.12
INF-r      F3-pf0.2    100     none    8   1.364 [1.170, 1.567]   1.00   1.00        0.2 5926423.88
REP-clamp  F3-pf0.2    100       ge    8   1.315 [1.209, 1.428]   1.00   1.00        0.6 5466885.88
REP-clamp  F3-pf0.2    100     none    8   1.475 [1.292, 1.712]   1.00   1.00        0.4 6265916.38
SPARC      F3-pf0.2    100       ge    8   1.586 [1.408, 1.827]   0.88   1.00        0.9 7057191.50
SPARC      F3-pf0.2    100     none    8   1.479 [1.324, 1.725]   0.88   1.00        0.4 6652648.25
